{
  "accessors": [
    {
      "bufferView": 2,
      "componentType": 5126,
      "count": 2995,
      "max": [
        2.4178099632263184,
        2.4178099632263184,
        4.8133301734924316
      ],
      "min": [
        -2.4178099632263184,
        -2.4178099632263184,
        -4.518089771270752
      ],
      "type": "VEC3"
    },
    {
      "bufferView": 2,
      "byteOffset": 35940,
      "componentType": 5126,
      "count": 2995,
      "max": [
        0.99879980087280273,
        0.99879980087280273,
        1
      ],
      "min": [
        -0.99879980087280273,
        -0.99879980087280273,
        -1
      ],
      "type": "VEC3"
    },
    {
      "bufferView": 3,
      "componentType": 5126,
      "count": 2995,
      "max": [
        1,
        0.99999606609344482,
        0.99739933013916016,
        1
      ],
      "min": [
        -1,
        -0.99999606609344482,
        -0.99792444705963135,
        1
      ],
      "type": "VEC4"
    },
    {
      "bufferView": 1,
      "componentType": 5126,
      "count": 2995,
      "max": [
        0.99703997373580933,
        0.98382997512817383
      ],
      "min": [
        0.00095999997574836016,
        0.0025800000876188278
      ],
      "type": "VEC2"
    },
    {
      "bufferView": 0,
      "componentType": 5125,
      "count": 8682,
      "max": [
        2994
      ],
      "min": [
        0
      ],
      "type": "SCALAR"
    }
  ],
  "asset": {
    "extras": {
      "author": "Robin Duclos (https://sketchfab.com/robukan)",
      "license": "CC-BY-NC-ND-4.0 (http://creativecommons.org/licenses/by-nc-nd/4.0/)",
      "source": "https://sketchfab.com/models/a165f639024845138e8af3d6950fcfbe",
      "title": "French Coke Light can"
    },
    "generator": "Sketchfab-3.28.5",
    "version": "2.0"
  },
  "bufferViews": [
    {
      "buffer": 0,
      "byteLength": 34728,
      "byteOffset": 0,
      "name": "floatBufferViews",
      "target": 34963
    },
    {
      "buffer": 0,
      "byteLength": 23960,
      "byteOffset": 34728,
      "byteStride": 8,
      "name": "floatBufferViews",
      "target": 34962
    },
    {
      "buffer": 0,
      "byteLength": 71880,
      "byteOffset": 58688,
      "byteStride": 12,
      "name": "floatBufferViews",
      "target": 34962
    },
    {
      "buffer": 0,
      "byteLength": 47920,
      "byteOffset": 130568,
      "byteStride": 16,
      "name": "floatBufferViews",
      "target": 34962
    }
  ],
  "buffers": [
    {
      "byteLength": 178488,
      "uri": "scene.bin"
    }
  ],
  "images": [
    {
      "uri": "textures/CanMat_baseColor.jpg"
    }
  ],
  "materials": [
    {
      "doubleSided": true,
      "emissiveFactor": [
        0,
        0,
        0
      ],
      "name": "CanMat",
      "pbrMetallicRoughness": {
        "baseColorFactor": [
          0.80000001190000003,
          0.80000001190000003,
          0.80000001190000003,
          1
        ],
        "baseColorTexture": {
          "index": 0,
          "texCoord": 0
        },
        "metallicFactor": 0,
        "roughnessFactor": 0.59999999999999998
      }
    }
  ],
  "meshes": [
    {
      "name": "Cylinder.001_0",
      "primitives": [
        {
          "attributes": {
            "NORMAL": 1,
            "POSITION": 0,
            "TANGENT": 2,
            "TEXCOORD_0": 3
          },
          "indices": 4,
          "material": 0,
          "mode": 4
        }
      ]
    }
  ],
  "nodes": [
    {
      "children": [
        1
      ],
      "name": "RootNode (gltf orientation matrix)",
      "rotation": [
        -0.70710678118654746,
        -0,
        -0,
        0.70710678118654757
      ]
    },
    {
      "children": [
        2
      ],
      "name": "RootNode (model correction matrix)"
    },
    {
      "children": [
        3,
        5,
        7,
        9,
        11,
        13,
        15
      ],
      "name": "Root"
    },
    {
      "children": [
        4
      ],
      "matrix": [
        -0.29086000000000006,
        0.95517000000000007,
        -0.05519000000000001,
        0,
        -0.77110000000000001,
        -0.19988000000000003,
        0.60452000000000006,
        0,
        0.56639000000000006,
        0.21839000000000003,
        0.7946700000000001,
        0,
        4.0762500000000008,
        1.00545,
        5.9038600000000008,
        1
      ],
      "name": "Lamp"
    },
    {
      "name": "Lamp"
    },
    {
      "children": [
        6
      ],
      "matrix": [
        0.35368000000000005,
        0,
        0,
        0,
        0,
        0.35368000000000005,
        -0,
        0,
        0,
        0,
        0.35368000000000005,
        0,
        0,
        0,
        1.9104399999999999,
        1
      ],
      "name": "Cylinder.001"
    },
    {
      "mesh": 0,
      "name": "Cylinder.001_0"
    },
    {
      "children": [
        8
      ],
      "matrix": [
        -0.29086000000000006,
        0.95517000000000007,
        -0.05519000000000001,
        0,
        -0.77110000000000001,
        -0.19988000000000003,
        0.60452000000000006,
        0,
        0.56639000000000006,
        0.21839000000000003,
        0.7946700000000001,
        0,
        4.0762500000000008,
        1.00545,
        5.9038600000000008,
        1
      ],
      "name": "Lamp.001"
    },
    {
      "name": "Lamp.001"
    },
    {
      "children": [
        10
      ],
      "matrix": [
        -0.29086000000000006,
        0.95517000000000007,
        -0.05519000000000001,
        0,
        -0.77110000000000001,
        -0.19988000000000003,
        0.60452000000000006,
        0,
        0.56639000000000006,
        0.21839000000000003,
        0.7946700000000001,
        0,
        -7.9547099999999995,
        1.00545,
        5.9038600000000008,
        1
      ],
      "name": "Lamp.002"
    },
    {
      "name": "Lamp.002"
    },
    {
      "children": [
        12
      ],
      "matrix": [
        -0.29086000000000006,
        0.95517000000000007,
        -0.05519000000000001,
        0,
        -0.77110000000000001,
        -0.19988000000000003,
        0.60452000000000006,
        0,
        0.56639000000000006,
        0.21839000000000003,
        0.7946700000000001,
        0,
        -1.99603,
        -7.9172600000000006,
        5.9038600000000008,
        1
      ],
      "name": "Lamp.003"
    },
    {
      "name": "Lamp.003"
    },
    {
      "children": [
        14
      ],
      "matrix": [
        -0.29086000000000006,
        0.95517000000000007,
        -0.05519000000000001,
        0,
        -0.77110000000000001,
        -0.19988000000000003,
        0.60452000000000006,
        0,
        0.56639000000000006,
        0.21839000000000003,
        0.7946700000000001,
        0,
        -1.99603,
        6.9039000000000001,
        5.9038600000000008,
        1
      ],
      "name": "Lamp.004"
    },
    {
      "name": "Lamp.004"
    },
    {
      "children": [
        16
      ],
      "matrix": [
        -0.29086000000000006,
        0.95517000000000007,
        -0.05519000000000001,
        0,
        -0.77110000000000001,
        -0.19988000000000003,
        0.60452000000000006,
        0,
        0.56639000000000006,
        0.21839000000000003,
        0.7946700000000001,
        0,
        0.064110000000000014,
        -0.044100000000000014,
        -4.9451000000000001,
        1
      ],
      "name": "Lamp.005"
    },
    {
      "name": "Lamp.005"
    }
  ],
  "samplers": [
    {
      "magFilter": 9729,
      "minFilter": 9987,
      "wrapS": 10497,
      "wrapT": 10497
    }
  ],
  "scene": 0,
  "scenes": [
    {
      "name": "OSG_Scene",
      "nodes": [
        0
      ]
    }
  ],
  "textures": [
    {
      "sampler": 0,
      "source": 0
    }
  ]
}

